waypoints:
  waypoint0:
    x: -4.11946891698332e-05
    y: -4.931349278809003e-06
    theta: -0.0002084512848888585
