waypoints:
  waypoint0:
    x: -3.6281659613082695
    y: -0.4568720766745932
    theta: -0.0027697395393288925
  waypoint1:
    x: -3.254002169665286
    y: 0.4373961496286607
    theta: -2.920633383710948
  waypoint2:
    x: -2.998106447143779
    y: -0.3289360278897512
    theta: -2.6699604794373952
