waypoints:
  waypoint0:
    x: -1.269543918169802e-05
    y: -1.1278378224233165e-05
    theta: -2.7538161363118495e-05
