waypoints:
  waypoint0:
    x: -3.659037220591066
    y: -0.5154584934494949
    theta: -0.0012799017516848144
