waypoints:
  waypoint0:
    x: 0.0
    y: 0.0
    theta: 0.0002569890486210084
  waypoint1:
    x: 0.40381134017747644
    y: -0.6456549414761854
    theta: 0.11064915170811986
