waypoints:
  waypoint0:
    x: -3.6731839496059875
    y: -0.5456642083074591
    theta: -0.0009943838566969366
