# Defines object waypoints as [x, y, theta]
waypoint1: [-2.8251769671262803, 0.3783810040573701, -2.356 ]
waypoint2: [-2.863414564386513, -0.4077434296433166, 0.785]
waypoint3: [-3.5703204206769916, 0.43134778345042846, 1.571]
waypoint4: [-2.8251769671262803, 0.3783810040573701, -1.571]
waypoint5: [-3.6148913083117855, -0.5025884448262337, 0.5]