waypoints:
  waypoint0:
    x: -3.6759979048367515
    y: -0.5694751240705661
    theta: -7.241858329077523e-05
  waypoint1:
    x: -3.4084551462204447
    y: 0.0017267582766170575
    theta: 0.5719855122123159
