waypoints:
  waypoint0:
    x: -9.126481018029153e-06
    y: -2.867710236387211e-06
    theta: 0.0002004131073465693
  waypoint1:
    x: 0.7965023656304207
    y: 0.23366907228711345
    theta: 0.047019338552604845
  waypoint2:
    x: 0.6492231973759113
    y: -0.8878296969869148
    theta: -1.5327943609286478
  waypoint3:
    x: 0.5292330751013876
    y: -0.28993083322443053
    theta: -1.8976588962073198
