waypoints:
  waypoint0:
    x: 0.0
    y: 0.0
    theta: 0.0006544565258281227
  waypoint1:
    x: 0.2811083883026317
    y: -0.508641675553511
    theta: -0.03489753312891488
  waypoint2:
    x: 0.49150738794215443
    y: -1.65736686075438
    theta: 0.14621811837038853
