waypoints:
  waypoint0:
    x: 0.0
    y: 0.0
    theta: -0.00011615151455812677
  waypoint1:
    x: 2441.909124396061
    y: -1705.8077594463748
    theta: 0.30531792162040483
  waypoint2:
    x: 2898.718670428324
    y: -4422.358998130717
    theta: -1.8043519153919543
