waypoints:
  waypoint0:
    x: -3.6664551581170777
    y: -0.5399144186987406
    theta: 0.00031853266977877536
