waypoints:
  waypoint0:
    x: 3.448853249210515e-06
    y: -4.952765266352799e-06
    theta: 0.00015477731912346107
  waypoint1:
    x: 0.5370824768126007
    y: 0.6088669135110125
    theta: 0.8876415770880208
  waypoint2:
    x: 0.26619638391899847
    y: -0.42028790741246674
    theta: 0.8247034598689136
