image: studio_obs_slam_karto.pgm
resolution: 0.020000
origin: [-3.903532, -5.280639, 0.000000]
negate: 0
occupied_thresh: 0.65
free_thresh: 0.196

