image: zernikestraat_studio_obstacles.pgm
resolution: 0.062500
origin: [-64.031250, -64.031250, 0.000000]
negate: 0
occupied_thresh: 0.65
free_thresh: 0.196

