image: studio_obs_slam_toolbox.pgm
resolution: 0.020000
origin: [-5.248092, -6.126424, 0.000000]
negate: 0
occupied_thresh: 0.65
free_thresh: 0.196

